2004
2007
2009
2011
2014
2016
2017
2018
2019
2020
2021
2022
2023
2024
2025
2026
2027
2028
2029
2030
2031
2032
2033
2034
2041
2043
2044
2053
2056
2063
2066
2067
2068
2070
2072
2073
2074
2078
2079
2081
2082
2084
2085
2086
2087
2088
2091
2093
2097
2099
2101
2102
2104
2105
2106
2109
2110
2112
2113
2116
2117
2118
2119
2122
2125
2126
2130
2132
2135
2137
2139
2141
2143
2150
2151
2152
2154
2155
2157
2159
2160
2161
2167
2168
2170
2174
2176
2179
2181
2185
2187
2199
2200
2202
2203
2205
2206
2207
2208
2209
2210
2215
2217
2219
2232
2239
2243
2244
2247
2251
2252
2256
2262
2263
2265
2268
2269
2270
2276
2282
2283
2288
2289
2290
2299
2300
2303
2304
2305
2307
2308
2309
2312
2319
2321
2327
2342
2343
2346
2347
2349
2351
2352
2355
2356
2364
2366
2368
2369
2370
2371
2372
2374
2378
2386
2387
2392
2403
2409
2410
2412
2414
2415
2416
2417
2418
2419
2420
2426
2430
2432
2433
2434
2436
2437
2446
2447
2450
2457
2458
2461
2462
2463
2467
2468
2469
2471
2473
2474
2475
2477
2478
2480
2481
2484
2485
2486
2487
2488
2490
2491
2493
2494
2497
2498
2500
2602
2603
2604
2605
2606
2607
2608
2609
2610
2612
2613
2615
2617
2620
2623
2629
2630
2631
2634
2635
2640
2642
2644
3001
3002
3003
3004
3005
3006
3007
3008
3009
3010
3011
3012
3013
3014
3015
3016
3017
3018
3019
3020
3021
3022
3023
3024
3025
3026
3027
3028
3029
3030
3031
3032
3033
4001
4002
4003
4004
4005
4006
4007
4008
4009
4010
4011
4012
4013
4014
4015
4016
4017
4018
4019
4020
4021
4022
4023
4024
4025
4026
5001
5002
5003
5004
5005
5006
5007
5008
5009
5010
5011
5012
5013
5014
5015
5016
5017
5018
5019
5020
5021
5022
5023
5024
5025
5026
5027
5028
5029
5030
5031
5032
6001
6002
6003
6004
6005
6006
6007
6008
6009
6010
6011
